8 0.85 0.146875 0.09140625 0.06953125
8 0.75703125 0.15234375 0.09609375 0.084375
8 0.66328125 0.16796875 0.1109375 0.08671875
8 0.57421875 0.1859375 0.115625 0.10078125
8 0.484375 0.19375 0.10546875 0.09609375
8 0.38203125 0.21875 0.13671875 0.09609375
8 0.25 0.2515625 0.1296875 0.10078125
8 0.14765625 0.25859375 0.13203125 0.10546875
8 0.8453125 0.28828125 0.09140625 0.08671875
8 0.76328125 0.29921875 0.09140625 0.10546875
8 0.67578125 0.31875 0.09609375 0.07421875
8 0.5875 0.334375 0.10546875 0.09375
8 0.5 0.353125 0.10078125 0.08671875
8 0.38828125 0.38203125 0.125 0.1109375
8 0.265625 0.41953125 0.13203125 0.10546875
8 0.15 0.446875 0.1203125 0.1203125