5 0.6765625 0.8296875 0.375 0.1421875
8 0.2828125 0.80078125 0.0265625 0.0140625
8 0.38671875 0.75703125 0.053125 0.03828125
8 0.275 0.74609375 0.0484375 0.04296875
8 0.27421875 0.696875 0.0265625 0.0140625
5 0.6703125 0.68984375 0.36796875 0.1515625
5 0.65 0.53359375 0.4234375 0.1609375
8 0.2671875 0.415625 0.0265625 0.0171875
8 0.26953125 0.40234375 0.021875 0.0140625
5 0.6625 0.3796875 0.3796875 0.1703125
8 0.2484375 0.35 0.0453125 0.03359375
8 0.26796875 0.3125 0.01953125 0.01171875
8 0.37109375 0.275 0.05078125 0.0578125
3 0.6546875 0.2484375 0.428125 0.053125
7 0.6078125 0.15 0.5265625 0.1421875
8 0.34765625 0.0453125 0.05078125 0.0578125