7 0.4828125 0.296875 0.70703125 0.146875
7 0.47734375 0.43359375 0.75 0.14921875
7 0.46484375 0.134375 0.5796875 0.13671875
5 0.97734375 0.39921875 0.0453125 0.021875
13 0.97734375 0.7953125 0.04296875 0.1390625
5 0.97421875 0.425 0.0515625 0.025
5 0.9734375 0.4125 0.053125 0.0265625
5 0.96875 0.44453125 0.0625 0.02421875
5 0.96875 0.4703125 0.0625 0.0265625
5 0.96875 0.45703125 0.0625 0.02890625
0 0.65859375 0.0421875 0.6828125 0.084375
11 0.58046875 0.52734375 0.603125 0.0484375
3 0.5640625 0.61171875 0.584375 0.06953125
3 0.5609375 0.69140625 0.6078125 0.071875
3 0.56015625 0.759375 0.5 0.0625