7 0.703125 0.4828125 0.146875 0.709375
7 0.56640625 0.47734375 0.14921875 0.75234375
7 0.865625 0.46484375 0.13671875 0.5796875
5 0.60078125 0.97734375 0.021875 0.0453125
13 0.2046875 0.97734375 0.1421875 0.04296875
5 0.5734375 0.97421875 0.025 0.0515625
5 0.5875 0.9734375 0.0265625 0.053125
5 0.55546875 0.96875 0.02421875 0.0625
5 0.5296875 0.96875 0.0265625 0.0625
5 0.54296875 0.96875 0.02890625 0.0625
0 0.9578125 0.65859375 0.084375 0.6828125
11 0.47265625 0.58046875 0.0484375 0.603125
3 0.38828125 0.5640625 0.06953125 0.584375
3 0.30859375 0.5609375 0.071875 0.6078125
3 0.240625 0.56015625 0.0625 0.50234375