7 0.41015625 0.6625 0.103125 0.28828125
3 0.75703125 0.6625 0.071875 0.31484375
6 0.5203125 0.6578125 0.10546875 0.28125
7 0.81640625 0.6578125 0.15390625 0.334375
5 0.6421875 0.64765625 0.1296875 0.3078125
7 0.2875 0.60546875 0.12265625 0.36328125
3 0.63828125 0.58671875 0.09140625 0.33203125
7 0.1703125 0.5640625 0.12265625 0.3796875
3 0.7078125 0.5640625 0.0671875 0.321875
11 0.50703125 0.53515625 0.0671875 0.365625
11 0.36875 0.515625 0.03125 0.4515625
5 0.63203125 0.490625 0.16328125 0.3609375
7 0.25703125 0.48046875 0.1390625 0.40390625
11 0.759375 0.44140625 0.0796875 0.34609375
5 0.88125 0.4359375 0.15859375 0.34375
7 0.14921875 0.3921875 0.1609375 0.53125
6 0.35078125 0.36640625 0.1296875 0.35078125