8 0.146875 0.15 0.06953125 0.09140625
8 0.15234375 0.24296875 0.084375 0.09609375
8 0.16796875 0.33671875 0.08671875 0.1109375
8 0.1859375 0.42578125 0.10078125 0.115625
8 0.19375 0.515625 0.09609375 0.10546875
8 0.21875 0.61796875 0.09609375 0.13671875
8 0.2515625 0.75 0.10078125 0.1296875
8 0.25859375 0.85234375 0.10546875 0.13203125
8 0.28828125 0.1546875 0.08671875 0.09140625
8 0.29921875 0.23671875 0.10546875 0.09140625
8 0.31875 0.32421875 0.07421875 0.09609375
8 0.334375 0.4125 0.09609375 0.10546875
8 0.353125 0.5 0.08671875 0.10078125
8 0.38203125 0.61171875 0.1109375 0.125
8 0.41953125 0.734375 0.10546875 0.13203125
8 0.446875 0.85 0.1203125 0.1203125