7 0.41015625 0.3375 0.103125 0.2859375
3 0.75703125 0.3375 0.071875 0.31484375
6 0.5203125 0.3421875 0.10546875 0.28125
7 0.81640625 0.3421875 0.15390625 0.334375
5 0.6421875 0.35234375 0.12734375 0.31015625
7 0.2875 0.39453125 0.1203125 0.36328125
3 0.63828125 0.41328125 0.09140625 0.334375
7 0.1703125 0.4359375 0.12265625 0.3796875
3 0.7078125 0.4359375 0.06953125 0.321875
11 0.50703125 0.46484375 0.0671875 0.365625
11 0.36875 0.484375 0.03125 0.4546875
5 0.63203125 0.509375 0.16328125 0.3609375
7 0.25703125 0.51953125 0.1390625 0.40390625
11 0.759375 0.55859375 0.0796875 0.34609375
5 0.88125 0.5640625 0.15859375 0.34375
7 0.14921875 0.6078125 0.1609375 0.53125
6 0.35078125 0.63359375 0.1296875 0.35078125