7 0.6625 0.58984375 0.28828125 0.103125
3 0.6625 0.24296875 0.3125 0.071875
6 0.6578125 0.4796875 0.28125 0.10546875
7 0.6578125 0.18359375 0.33203125 0.15390625
5 0.64765625 0.3578125 0.3078125 0.1296875
7 0.60546875 0.7125 0.36328125 0.1203125
3 0.58671875 0.36171875 0.33203125 0.09140625
7 0.5640625 0.8296875 0.3796875 0.1203125
3 0.5640625 0.2921875 0.321875 0.0671875
11 0.53515625 0.49296875 0.365625 0.0671875
11 0.515625 0.63125 0.4515625 0.03125
5 0.490625 0.36796875 0.3609375 0.16328125
7 0.48046875 0.74296875 0.40390625 0.1390625
11 0.44140625 0.240625 0.34609375 0.0796875
5 0.4359375 0.11875 0.34375 0.15859375
7 0.3921875 0.85078125 0.53125 0.1609375
6 0.36640625 0.64921875 0.35078125 0.1296875