5 0.3453125 0.33984375 0.1609375 0.34375
5 0.66796875 0.35078125 0.16328125 0.34140625
3 0.22265625 0.35078125 0.08671875 0.3796875
5 0.50625 0.36796875 0.16328125 0.384375
11 0.80078125 0.3921875 0.05546875 0.38671875
3 0.36640625 0.40390625 0.0578125 0.26953125
11 0.84765625 0.4125 0.08671875 0.46875
3 0.89765625 0.42421875 0.09140625 0.40390625
5 0.2328125 0.4390625 0.19921875 0.428125
3 0.1546875 0.44375 0.09140625 0.34140625
7 0.4109375 0.459375 0.15859375 0.41328125
7 0.571875 0.459375 0.1609375 0.41328125
7 0.73046875 0.4671875 0.15859375 0.4109375