5 0.73203125 0.65 0.3390625 0.15625
5 0.3453125 0.72109375 0.46171875 0.1703125
5 0.3375 0.66796875 0.34140625 0.15390625
7 0.33046875 0.63125 0.4953125 0.134375
7 0.328125 0.4671875 0.4953125 0.14921875
3 0.31484375 0.7859375 0.5171875 0.03359375
3 0.3109375 0.28828125 0.46640625 0.06953125
6 0.30546875 0.3890625 0.4515625 0.15390625
5 0.78515625 0.671875 0.35078125 0.13203125
5 0.775 0.41796875 0.4109375 0.15390625
5 0.76796875 0.42421875 0.3890625 0.1609375
11 0.7515625 0.7515625 0.35546875 0.084375
3 0.74375 0.3390625 0.34140625 0.02890625