5 0.8296875 0.3234375 0.1421875 0.375
8 0.80078125 0.7171875 0.0140625 0.0265625
8 0.75703125 0.61328125 0.03828125 0.053125
8 0.74609375 0.725 0.04296875 0.0484375
8 0.696875 0.72578125 0.0140625 0.0265625
5 0.68984375 0.3296875 0.14921875 0.36796875
5 0.53359375 0.35 0.1609375 0.4234375
8 0.415625 0.7328125 0.0171875 0.0265625
8 0.40234375 0.73046875 0.0140625 0.021875
5 0.3796875 0.3375 0.1703125 0.3796875
8 0.35 0.7515625 0.03359375 0.0453125
8 0.3125 0.73203125 0.01171875 0.01953125
8 0.275 0.62890625 0.0578125 0.05078125
3 0.2484375 0.3453125 0.053125 0.428125
7 0.15 0.3921875 0.1390625 0.5265625
8 0.0453125 0.65234375 0.0578125 0.05078125