8 0.853125 0.85 0.06953125 0.0890625
8 0.84765625 0.75703125 0.084375 0.09609375
8 0.83203125 0.66328125 0.08671875 0.1109375
8 0.8140625 0.57421875 0.10078125 0.115625
8 0.80625 0.484375 0.09609375 0.10546875
8 0.78125 0.38203125 0.09609375 0.13671875
8 0.7484375 0.25 0.10078125 0.1296875
8 0.74140625 0.14765625 0.10546875 0.13203125
8 0.71171875 0.8453125 0.08671875 0.09140625
8 0.70078125 0.76328125 0.10546875 0.09140625
8 0.68125 0.67578125 0.07421875 0.09609375
8 0.665625 0.5875 0.09609375 0.10546875
8 0.646875 0.5 0.08671875 0.10078125
8 0.61796875 0.38828125 0.1109375 0.125
8 0.58046875 0.265625 0.10546875 0.13203125
8 0.553125 0.15 0.1203125 0.1203125