5 0.26796875 0.35 0.3390625 0.15390625
5 0.6546875 0.27890625 0.46171875 0.1703125
5 0.6625 0.33203125 0.34140625 0.15390625
7 0.66953125 0.36875 0.4953125 0.134375
7 0.671875 0.5328125 0.4953125 0.14921875
3 0.68515625 0.2140625 0.5171875 0.03359375
3 0.6890625 0.71171875 0.46640625 0.06953125
6 0.69453125 0.6109375 0.4515625 0.15390625
5 0.21484375 0.328125 0.35078125 0.13203125
5 0.225 0.58203125 0.4109375 0.15390625
5 0.23203125 0.57578125 0.3890625 0.1609375
11 0.2484375 0.2484375 0.35546875 0.08203125
3 0.25625 0.6609375 0.34140625 0.02890625