5 0.6546875 0.33984375 0.1609375 0.34375
5 0.33203125 0.35078125 0.16328125 0.34140625
3 0.77734375 0.35078125 0.08671875 0.38203125
5 0.49375 0.36796875 0.16328125 0.384375
11 0.19921875 0.3921875 0.05546875 0.38671875
3 0.63359375 0.40390625 0.0578125 0.26953125
11 0.15234375 0.4125 0.08671875 0.46875
3 0.10234375 0.42421875 0.09140625 0.40390625
5 0.7671875 0.4390625 0.19921875 0.428125
3 0.8453125 0.44375 0.09140625 0.34140625
7 0.5890625 0.459375 0.15859375 0.41328125
7 0.428125 0.459375 0.1609375 0.41328125
7 0.26953125 0.4671875 0.15859375 0.4109375