5 0.65 0.26796875 0.15625 0.3390625
5 0.72109375 0.6546875 0.1703125 0.4640625
5 0.66796875 0.6625 0.15625 0.34140625
7 0.63125 0.66953125 0.134375 0.49765625
7 0.4671875 0.671875 0.14921875 0.49765625
3 0.7859375 0.68515625 0.03359375 0.5171875
3 0.28828125 0.6890625 0.06953125 0.46640625
6 0.3890625 0.69453125 0.15390625 0.4515625
5 0.671875 0.21484375 0.13203125 0.35078125
5 0.41796875 0.225 0.15390625 0.4109375
5 0.42421875 0.23203125 0.1609375 0.3890625
11 0.7515625 0.2484375 0.084375 0.35546875
3 0.3390625 0.25625 0.02890625 0.34375