5 0.40234375 0.5 0.1109375 0.14453125
5 0.6546875 0.5140625 0.2640625 0.09609375
5 0.228125 0.58515625 0.22578125 0.09140625
5 0.68359375 0.60078125 0.271875 0.1078125
5 0.42578125 0.696875 0.1296875 0.228125
10 0.91953125 0.73046875 0.14921875 0.41328125
3 0.33515625 0.75234375 0.0671875 0.1828125
3 0.178125 0.76171875 0.0453125 0.165625
3 0.2484375 0.7640625 0.0578125 0.16796875
0 0.64921875 0.80859375 0.3796875 0.08203125
5 0.64921875 0.8734375 0.2640625 0.1078125
7 0.83515625 0.2234375 0.09609375 0.1921875
3 0.62265625 0.2453125 0.303125 0.0625
3 0.61875 0.30859375 0.2984375 0.0625
3 0.6 0.36640625 0.321875 0.0625
5 0.6546875 0.4078125 0.22578125 0.08671875
7 0.8296875 0.43359375 0.1109375 0.209375
5 0.22265625 0.4828125 0.22578125 0.08203125