8 0.15 0.853125 0.09140625 0.06953125
8 0.24296875 0.84765625 0.09609375 0.084375
8 0.33671875 0.83203125 0.1078125 0.08671875
8 0.42578125 0.8140625 0.115625 0.10078125
8 0.515625 0.80625 0.10546875 0.09609375
8 0.61796875 0.78125 0.13671875 0.09609375
8 0.75 0.7484375 0.1296875 0.10078125
8 0.85234375 0.74140625 0.13203125 0.10546875
8 0.1546875 0.71171875 0.09140625 0.08671875
8 0.23671875 0.70078125 0.0890625 0.10546875
8 0.32421875 0.68125 0.09375 0.07421875
8 0.4125 0.665625 0.10546875 0.09609375
8 0.5 0.646875 0.10078125 0.08671875
8 0.61171875 0.61796875 0.125 0.1109375
8 0.734375 0.58046875 0.13203125 0.10546875
8 0.85 0.553125 0.1203125 0.1203125