5 0.3234375 0.1703125 0.375 0.1421875
8 0.7171875 0.19921875 0.0265625 0.0140625
8 0.61328125 0.24296875 0.053125 0.03828125
8 0.725 0.25390625 0.0484375 0.04296875
8 0.72578125 0.303125 0.0265625 0.0140625
5 0.3296875 0.31015625 0.36796875 0.14921875
5 0.35 0.46640625 0.4234375 0.1609375
8 0.7328125 0.584375 0.0265625 0.0171875
8 0.73046875 0.59765625 0.021875 0.0140625
5 0.3375 0.6203125 0.3796875 0.1703125
8 0.7515625 0.65 0.0453125 0.03359375
8 0.73203125 0.6875 0.01953125 0.01171875
8 0.62890625 0.725 0.05078125 0.0578125
3 0.3453125 0.7515625 0.428125 0.053125
7 0.3921875 0.85 0.5265625 0.1390625
8 0.65234375 0.9546875 0.05078125 0.0578125