11 0.4546875 0.196875 0.6875 0.04296875
11 0.42890625 0.27890625 0.61328125 0.0453125
11 0.8234375 0.49375 0.10546875 0.240625
11 0.509375 0.4984375 0.09609375 0.2546875
11 0.165625 0.4984375 0.09375 0.2765625
11 0.3421875 0.5015625 0.09375 0.26953125
11 0.6609375 0.50703125 0.09375 0.26171875
11 0.8140625 0.79453125 0.0984375 0.2140625
11 0.6625 0.80546875 0.1109375 0.2671875
11 0.33984375 0.80625 0.11796875 0.27421875
11 0.49609375 0.8078125 0.11328125 0.2765625
11 0.1828125 0.8109375 0.1109375 0.27890625
11 0.50234375 0.11796875 0.79296875 0.04296875