5 0.5 0.59765625 0.14453125 0.1109375
5 0.4859375 0.3453125 0.09609375 0.2640625
5 0.41484375 0.771875 0.09140625 0.22578125
5 0.39921875 0.31640625 0.1078125 0.271875
5 0.303125 0.57421875 0.228125 0.1296875
10 0.26953125 0.08046875 0.41328125 0.14921875
3 0.24765625 0.66484375 0.1828125 0.0671875
3 0.23828125 0.821875 0.165625 0.0453125
3 0.2359375 0.7515625 0.16796875 0.0578125
0 0.19140625 0.35078125 0.08203125 0.3796875
5 0.1265625 0.35078125 0.1078125 0.2640625
7 0.7765625 0.16484375 0.1921875 0.09609375
3 0.7546875 0.37734375 0.0625 0.303125
3 0.69140625 0.38125 0.0625 0.2984375
3 0.63359375 0.4 0.0625 0.321875
5 0.5921875 0.3453125 0.08671875 0.22578125
7 0.56640625 0.1703125 0.209375 0.1109375
5 0.5171875 0.77734375 0.08203125 0.22578125