7 0.5171875 0.296875 0.70703125 0.146875
7 0.52265625 0.43359375 0.75 0.14921875
7 0.53515625 0.134375 0.5796875 0.13671875
5 0.02265625 0.39921875 0.0453125 0.021875
13 0.02265625 0.7953125 0.04296875 0.1390625
5 0.025 0.425 0.05 0.025
5 0.0265625 0.4125 0.053125 0.0265625
5 0.03125 0.44453125 0.0625 0.02421875
5 0.03125 0.4703125 0.0625 0.0265625
5 0.03125 0.45703125 0.0625 0.02890625
0 0.34140625 0.0421875 0.6828125 0.084375
11 0.41953125 0.52734375 0.603125 0.0484375
3 0.4359375 0.61171875 0.584375 0.06953125
3 0.4390625 0.69140625 0.6078125 0.071875
3 0.43984375 0.759375 0.5 0.0625