5 0.35 0.26796875 0.15625 0.3390625
5 0.27890625 0.6546875 0.1703125 0.4640625
5 0.33203125 0.6625 0.15625 0.34140625
7 0.36875 0.66953125 0.134375 0.49765625
7 0.5328125 0.671875 0.14921875 0.49765625
3 0.2140625 0.68515625 0.03359375 0.5171875
3 0.71171875 0.6890625 0.06953125 0.46640625
6 0.6109375 0.69453125 0.15390625 0.4515625
5 0.328125 0.21484375 0.13203125 0.35078125
5 0.58203125 0.225 0.15390625 0.4109375
5 0.57578125 0.23203125 0.1609375 0.3890625
11 0.2484375 0.2484375 0.084375 0.35546875
3 0.6609375 0.25625 0.03125 0.34375