5 0.40234375 0.5 0.1109375 0.146875
5 0.6546875 0.4859375 0.2671875 0.0984375
5 0.228125 0.41484375 0.22578125 0.09140625
5 0.68359375 0.39921875 0.271875 0.1078125
5 0.42578125 0.303125 0.1296875 0.228125
10 0.91953125 0.26953125 0.14921875 0.4109375
3 0.33515625 0.24765625 0.0671875 0.18515625
3 0.178125 0.23828125 0.0453125 0.165625
3 0.2484375 0.2359375 0.0578125 0.16796875
0 0.64921875 0.19140625 0.38203125 0.08203125
5 0.64921875 0.1265625 0.2671875 0.1078125
7 0.83515625 0.7765625 0.0984375 0.19453125
3 0.62265625 0.7546875 0.303125 0.0625
3 0.61875 0.69140625 0.2984375 0.06484375
3 0.6 0.63359375 0.321875 0.0625
5 0.6546875 0.5921875 0.22578125 0.0890625
7 0.8296875 0.56640625 0.1109375 0.209375
5 0.22265625 0.5171875 0.22578125 0.084375