3 0.66015625 0.4890625 0.05546875 0.603125
3 0.6 0.58515625 0.05078125 0.4953125
9 0.5375 0.415625 0.10078125 0.46171875
1 0.50234375 0.790625 0.09609375 0.02421875
1 0.49609375 0.84140625 0.1078125 0.053125
4 0.48046875 0.88359375 0.40859375 0.125
5 0.4203125 0.40390625 0.14453125 0.52890625
3 0.3171875 0.35078125 0.0578125 0.41328125
3 0.271875 0.7328125 0.053125 0.321875
3 0.26171875 0.321875 0.05078125 0.4859375
3 0.2078125 0.30078125 0.0453125 0.4203125
3 0.2015625 0.7359375 0.0484375 0.41328125
3 0.146875 0.7671875 0.0578125 0.3296875
3 0.1453125 0.31640625 0.0625 0.5046875
13 0.8765625 0.4625 0.15859375 0.30078125
13 0.7671875 0.47734375 0.1828125 0.7453125