3 0.2875 0.2828125 0.2046875 0.09140625
11 0.3109375 0.3640625 0.240625 0.0984375
5 0.3765625 0.6859375 0.26171875 0.1390625
5 0.41796875 0.5890625 0.2546875 0.1421875
5 0.44375 0.7515625 0.30546875 0.1734375
11 0.446875 0.38125 0.33671875 0.09609375
7 0.4484375 0.24375 0.29296875 0.15390625
7 0.45546875 0.46484375 0.2984375 0.1390625
5 0.49765625 0.115625 0.28125 0.20703125
3 0.63125 0.56015625 0.07421875 0.396875
3 0.6703125 0.37109375 0.10546875 0.3921875
3 0.73828125 0.365625 0.0625 0.27890625
7 0.7453125 0.77421875 0.13671875 0.396875