3 0.7171875 0.7125 0.09140625 0.2046875
11 0.6359375 0.6890625 0.0984375 0.23828125
5 0.3140625 0.6234375 0.1390625 0.26171875
5 0.4109375 0.58203125 0.1421875 0.25234375
5 0.2484375 0.55625 0.1734375 0.30546875
11 0.61875 0.553125 0.0984375 0.33671875
7 0.75625 0.5515625 0.15625 0.29296875
7 0.53515625 0.54453125 0.1421875 0.2984375
5 0.884375 0.50234375 0.20703125 0.28125
3 0.43984375 0.36875 0.396875 0.07421875
3 0.62890625 0.3296875 0.3921875 0.10546875
3 0.634375 0.26171875 0.28125 0.0625
7 0.22578125 0.2546875 0.396875 0.13671875