3 0.4890625 0.33984375 0.603125 0.05546875
3 0.58515625 0.4 0.4953125 0.05078125
9 0.415625 0.4625 0.4640625 0.10078125
1 0.790625 0.49765625 0.02421875 0.09609375
1 0.84140625 0.50390625 0.053125 0.1078125
4 0.88359375 0.51953125 0.125 0.40859375
5 0.40390625 0.5796875 0.52890625 0.14453125
3 0.35078125 0.6828125 0.41328125 0.06015625
3 0.7328125 0.728125 0.32421875 0.053125
3 0.321875 0.73828125 0.4859375 0.05078125
3 0.30078125 0.7921875 0.4203125 0.0453125
3 0.7359375 0.7984375 0.41328125 0.0484375
3 0.7671875 0.853125 0.3296875 0.0578125
3 0.31640625 0.8546875 0.5046875 0.0625
13 0.4625 0.1234375 0.30078125 0.15859375
13 0.47734375 0.2328125 0.7453125 0.18515625