3 0.2828125 0.2875 0.09140625 0.2046875
11 0.3640625 0.3109375 0.0984375 0.240625
5 0.6859375 0.3765625 0.1390625 0.26171875
5 0.5890625 0.41796875 0.1421875 0.2546875
5 0.7515625 0.44375 0.1734375 0.30546875
11 0.38125 0.446875 0.09609375 0.33671875
7 0.24375 0.4484375 0.15390625 0.29296875
7 0.46484375 0.45546875 0.1390625 0.2984375
5 0.115625 0.49765625 0.20703125 0.28125
3 0.56015625 0.63125 0.396875 0.07421875
3 0.37109375 0.6703125 0.3921875 0.10546875
3 0.365625 0.73828125 0.27890625 0.0625
7 0.77421875 0.7453125 0.396875 0.13671875