7 0.35546875 0.7640625 0.6734375 0.17578125
6 0.678125 0.7328125 0.615625 0.18515625
9 0.303125 0.60546875 0.5625 0.165625
6 0.6578125 0.5921875 0.6609375 0.19453125
6 0.3140625 0.459375 0.58203125 0.1875
7 0.6625 0.42578125 0.64921875 0.19453125
7 0.31875 0.26953125 0.5984375 0.18515625
6 0.6703125 0.23046875 0.63203125 0.2046875
7 0.30859375 0.921875 0.5796875 0.1515625
7 0.328125 0.11328125 0.61796875 0.18984375
9 0.6609375 0.0984375 0.646875 0.1703125
6 0.6859375 0.8859375 0.59609375 0.1703125