5 0.1578125 0.8890625 0.2453125 0.1109375
6 0.16953125 0.66796875 0.33671875 0.14921875
3 0.1875 0.56015625 0.35546875 0.04296875
9 0.1984375 0.36796875 0.3890625 0.0671875
9 0.2015625 0.4625 0.3921875 0.0671875
7 0.24375 0.7765625 0.4859375 0.1421875
3 0.50234375 0.9359375 0.2984375 0.040625
9 0.62734375 0.0484375 0.43046875 0.0625
3 0.66328125 0.2671875 0.396875 0.0359375
3 0.66953125 0.35546875 0.39921875 0.03828125
2 0.671875 0.6828125 0.4234375 0.07421875
2 0.6734375 0.578125 0.4328125 0.0671875
3 0.7015625 0.46484375 0.4515625 0.053125
5 0.71484375 0.853125 0.384375 0.178125