1 0.88359375 0.321875 0.1296875 0.0265625
1 0.86875 0.44921875 0.11328125 0.02890625
1 0.87734375 0.4828125 0.13671875 0.0265625
1 0.88125 0.51328125 0.15390625 0.0265625
1 0.88359375 0.54453125 0.15390625 0.02421875
1 0.88125 0.58203125 0.13203125 0.0265625
1 0.89453125 0.61640625 0.178125 0.02421875
1 0.9046875 0.17421875 0.18046875 0.03359375
1 0.875 0.19921875 0.1109375 0.02421875
1 0.89921875 0.22734375 0.15390625 0.0265625
1 0.896875 0.259375 0.15859375 0.0265625
1 0.896875 0.28828125 0.15859375 0.02421875