5 0.31640625 0.8953125 0.29296875 0.13671875
5 0.33203125 0.7171875 0.3078125 0.125
5 0.3390625 0.6421875 0.3171875 0.14921875
5 0.35 0.5421875 0.30078125 0.1296875
7 0.359375 0.22265625 0.415625 0.1203125
11 0.38125 0.37265625 0.30078125 0.0453125
3 0.52890625 0.76171875 0.053125 0.259375
12 0.61328125 0.6984375 0.1734375 0.21171875
6 0.6234375 0.1578125 0.1203125 0.2453125
12 0.6265625 0.47109375 0.16796875 0.20703125
6 0.69140625 0.15390625 0.13203125 0.25
12 0.7125 0.39453125 0.16796875 0.21171875
12 0.725 0.73046875 0.1828125 0.2140625
3 0.3015625 0.80078125 0.30078125 0.03828125