1 0.678125 0.88359375 0.0265625 0.1296875
1 0.55078125 0.86875 0.02890625 0.11328125
1 0.5171875 0.87734375 0.0265625 0.134375
1 0.48671875 0.88125 0.0265625 0.15390625
1 0.45546875 0.88359375 0.02421875 0.15390625
1 0.41796875 0.88125 0.0265625 0.13203125
1 0.38359375 0.89453125 0.02421875 0.178125
1 0.82578125 0.9046875 0.03359375 0.18046875
1 0.80078125 0.875 0.02421875 0.1109375
1 0.77265625 0.89921875 0.0265625 0.15390625
1 0.740625 0.896875 0.0265625 0.15859375
1 0.71171875 0.896875 0.02421875 0.15859375