1 0.88359375 0.678125 0.1296875 0.0265625
1 0.86875 0.55078125 0.11328125 0.02890625
1 0.87734375 0.5171875 0.13671875 0.0265625
1 0.88125 0.48671875 0.15390625 0.0265625
1 0.88359375 0.45546875 0.15390625 0.02421875
1 0.88125 0.41796875 0.13203125 0.0265625
1 0.89453125 0.38359375 0.178125 0.02421875
1 0.9046875 0.82578125 0.18046875 0.03359375
1 0.875 0.80078125 0.1109375 0.02421875
1 0.89921875 0.77265625 0.15390625 0.0265625
1 0.896875 0.740625 0.15859375 0.0265625
1 0.896875 0.71171875 0.15859375 0.02421875