5 0.8953125 0.68359375 0.134375 0.29296875
5 0.7171875 0.66796875 0.125 0.3078125
5 0.6421875 0.6609375 0.14921875 0.3171875
5 0.5421875 0.65 0.1296875 0.30078125
7 0.22265625 0.640625 0.1203125 0.415625
11 0.37265625 0.61875 0.0453125 0.30078125
3 0.76171875 0.47109375 0.259375 0.053125
12 0.6984375 0.38671875 0.21171875 0.1734375
6 0.1578125 0.3765625 0.2453125 0.12265625
12 0.47109375 0.3734375 0.20703125 0.16796875
6 0.15390625 0.30859375 0.25234375 0.13203125
12 0.39453125 0.2875 0.2140625 0.16796875
12 0.73046875 0.275 0.21171875 0.1828125
3 0.80078125 0.6984375 0.03828125 0.30078125