1 0.321875 0.11640625 0.0265625 0.1296875
1 0.44921875 0.13125 0.02890625 0.11328125
1 0.4828125 0.12265625 0.0265625 0.134375
1 0.51328125 0.11875 0.0265625 0.15390625
1 0.54453125 0.11640625 0.02421875 0.15390625
1 0.58203125 0.11875 0.0265625 0.13203125
1 0.61640625 0.10546875 0.02421875 0.178125
1 0.17421875 0.0953125 0.03359375 0.18046875
1 0.19921875 0.125 0.02421875 0.1109375
1 0.22734375 0.10078125 0.0265625 0.15390625
1 0.259375 0.103125 0.0265625 0.15859375
1 0.28828125 0.103125 0.02421875 0.15859375