5 0.1578125 0.1109375 0.2453125 0.1109375
6 0.16953125 0.33203125 0.33671875 0.14921875
3 0.1875 0.43984375 0.35546875 0.04296875
9 0.1984375 0.63203125 0.3890625 0.0671875
9 0.2015625 0.5375 0.3921875 0.0671875
7 0.24375 0.2234375 0.4859375 0.1390625
3 0.50234375 0.0640625 0.2984375 0.040625
9 0.62734375 0.9515625 0.43046875 0.06484375
3 0.66328125 0.7328125 0.396875 0.0359375
3 0.66953125 0.64453125 0.39921875 0.03828125
2 0.671875 0.3171875 0.4234375 0.07421875
2 0.6734375 0.421875 0.4328125 0.0671875
3 0.7015625 0.53515625 0.4515625 0.053125
5 0.71484375 0.146875 0.384375 0.178125